partiNumber,trialNumber,blockNumber,rewardType,handShow,pairClickCount,successCount,failCount,stalemate,gameClear,playTime,P1_realPoints,P2_realPoints,P1_earnedPoints,P2_earnedPoints,FOC,competitiveness,rewardFairness, P1_accScore, P2_accScore
P09,0,0,1,1,14,10,4,FALSE,TRUE,23.01373,10,6,5,5,4,6,8,5,5
P09,1,0,1,1,12,6,6,FALSE,FALSE,23.01265,6,8,0,0,7,7,9,5,5
P09,2,0,1,1,10,8,2,FALSE,TRUE,18.19621,8,8,5,5,8,8,9,10,10
P09,3,0,1,1,9,7,2,TRUE,TRUE,14.33641,7,9,5,5,9,9,9,15,15
P09,4,0,1,1,11,9,2,TRUE,TRUE,18.40379,9,7,5,5,9,9,9,20,20
P09,5,0,1,1,10,6,4,FALSE,TRUE,18.13828,6,10,5,5,9,9,9,25,25
P09,6,0,1,1,10,8,2,FALSE,TRUE,17.1361,8,8,5,5,9,9,9,30,30
P09,7,0,1,1,8,8,0,FALSE,TRUE,12.7522,8,8,5,5,9,9,9,35,35
P09,8,0,1,1,10,8,2,FALSE,TRUE,15.13406,8,8,5,5,9,9,9,40,40
P09,9,0,1,1,8,8,0,FALSE,TRUE,13.36289,8,8,5,5,9,9,9,45,45
P09,10,0,1,1,9,9,0,TRUE,TRUE,12.7251,9,7,5,5,9,9,9,50,50
P09,11,0,1,1,8,8,0,FALSE,TRUE,11.77477,8,8,5,5,9,9,9,55,55
P09,12,0,1,1,9,7,2,TRUE,TRUE,13.862,7,9,5,5,9,9,9,60,60
P09,13,0,1,1,9,9,0,TRUE,TRUE,11.85802,9,7,5,5,9,9,9,65,65
P09,14,0,1,1,8,8,0,FALSE,TRUE,11.47162,8,8,5,5,9,9,9,70,70
P09,15,0,1,1,8,8,0,FALSE,TRUE,12.62509,8,8,5,5,9,9,9,75,75
P09,16,0,1,1,8,8,0,FALSE,TRUE,11.97677,8,8,5,5,9,9,9,80,80
P09,17,0,1,1,9,9,0,TRUE,TRUE,12.24226,9,7,5,5,9,9,9,85,85
P09,18,0,1,1,8,8,0,FALSE,TRUE,12.05523,8,8,5,5,9,9,9,90,90
P09,19,0,1,1,10,8,2,FALSE,TRUE,14.18487,8,8,5,5,9,9,9,95,95
P09,20,1,1,0,10,8,2,FALSE,TRUE,15.61777,8,8,5,5,9,9,9,100,100
P09,21,1,1,0,8,8,0,FALSE,TRUE,11.76437,8,8,5,5,9,9,9,105,105
P09,22,1,1,0,8,8,0,FALSE,TRUE,11.23434,8,8,5,5,9,9,9,110,110
P09,23,1,1,0,8,8,0,FALSE,TRUE,11.33164,8,8,5,5,9,9,9,115,115
P09,24,1,1,0,11,11,0,TRUE,TRUE,21.60776,11,5,5,5,9,9,9,120,120
P09,25,1,1,0,8,8,0,FALSE,TRUE,10.9442,8,8,5,5,9,9,9,125,125
P09,26,1,1,0,10,8,2,FALSE,TRUE,14.54476,8,8,5,5,9,9,9,130,130
P09,27,1,1,0,9,9,0,TRUE,TRUE,11.9318,9,7,5,5,9,9,9,135,135
P09,28,1,1,0,8,8,0,FALSE,TRUE,11.65257,8,8,5,5,9,9,9,140,140
P09,29,1,1,0,9,9,0,TRUE,TRUE,13.39227,9,7,5,5,9,9,9,145,145
P09,30,1,1,0,10,8,2,FALSE,TRUE,13.145,8,8,5,5,9,9,9,150,150
P09,31,1,1,0,8,8,0,FALSE,TRUE,11.54107,8,8,5,5,9,9,9,155,155
P09,32,1,1,0,8,8,0,FALSE,TRUE,17.96931,8,8,5,5,9,8,9,160,160
P09,33,1,1,0,8,8,0,FALSE,TRUE,11.22082,8,8,5,5,9,9,9,165,165
P09,34,1,1,0,10,6,4,FALSE,TRUE,15.7323,6,10,5,5,9,9,9,170,170
P09,35,1,1,0,8,8,0,FALSE,TRUE,11.73411,8,8,5,5,9,9,9,175,175
P09,36,1,1,0,8,8,0,FALSE,TRUE,14.81106,8,8,5,5,9,9,9,180,180
P09,37,1,1,0,8,8,0,FALSE,TRUE,11.25819,8,8,5,5,9,9,9,185,185
P09,38,1,1,0,8,8,0,FALSE,TRUE,11.09412,8,8,5,5,9,9,9,190,190
P09,39,1,1,0,10,8,2,FALSE,TRUE,13.88269,8,8,5,5,9,9,9,195,195
P09,40,2,0,1,10,10,0,FALSE,TRUE,12.89306,10,6,7,3,3,4,9,202,198
P09,41,2,0,1,12,6,6,FALSE,TRUE,17.61197,6,10,3,7,1,2,9,205,205
P09,42,2,0,1,9,7,2,TRUE,TRUE,12.47507,7,9,4,6,4,1,9,209,211
P09,43,2,0,1,10,10,0,FALSE,TRUE,13.37023,10,6,7,3,1,1,9,216,214
P09,44,2,0,1,8,8,0,FALSE,TRUE,12.0281,8,8,5,5,1,1,9,221,219
P09,45,2,0,1,9,9,0,TRUE,TRUE,11.54238,9,7,6,4,1,1,9,227,223
P09,46,2,0,1,8,8,0,FALSE,TRUE,10.19131,8,8,5,5,1,1,9,232,228
P09,47,2,0,1,8,8,0,FALSE,TRUE,10.38379,8,8,5,5,1,1,9,237,233
P09,48,2,0,1,10,6,4,FALSE,TRUE,14.08878,6,10,3,7,1,1,9,240,240
P09,49,2,0,1,10,6,4,FALSE,TRUE,16.23064,6,10,3,7,1,1,9,243,247
P09,50,2,0,1,8,8,0,FALSE,TRUE,11.05382,8,8,5,5,1,1,9,248,252
P09,51,2,0,1,8,8,0,FALSE,TRUE,10.34312,8,8,5,5,1,1,9,253,257
P09,52,2,0,1,11,11,0,TRUE,TRUE,14.63231,11,5,7,3,1,1,9,260,260
P09,53,2,0,1,8,8,0,TRUE,TRUE,19,9,7,6,4,1,1,9,266,264
P09,54,2,0,1,16,10,6,FALSE,TRUE,22.70786,10,6,7,3,1,1,9,273,267
P09,55,2,0,1,9,9,0,TRUE,TRUE,14.01973,9,7,6,4,1,1,9,279,271
P09,56,2,0,1,14,8,6,FALSE,TRUE,21.73283,8,8,5,5,1,1,9,284,276
P09,57,2,0,1,11,9,2,TRUE,TRUE,15.51041,9,7,6,4,1,1,9,290,280
P09,58,2,0,1,9,9,0,TRUE,TRUE,11.10941,9,7,6,4,1,1,9,296,284
P09,59,2,0,1,8,8,0,FALSE,TRUE,10.42667,8,8,5,5,1,1,9,301,289
P09,60,3,0,0,9,7,2,TRUE,TRUE,10.07841,7,9,4,6,1,1,9,305,295
P09,61,3,0,0,11,9,2,TRUE,TRUE,13.11478,9,7,6,4,1,1,9,311,299
P09,62,3,0,0,12,6,6,FALSE,TRUE,22.51087,6,10,3,7,1,1,9,314,306
P09,63,3,0,0,10,10,0,FALSE,TRUE,14.28317,10,6,7,3,1,1,9,321,309
P09,64,3,0,0,8,8,0,FALSE,TRUE,11.16441,8,8,5,5,1,1,9,326,314
P09,65,3,0,0,8,8,0,FALSE,TRUE,10.00565,8,8,5,5,1,1,9,331,319
P09,66,3,0,0,10,8,2,FALSE,TRUE,14.46225,8,8,5,5,1,1,9,336,324
P09,67,3,0,0,8,8,0,FALSE,TRUE,11.05075,8,8,5,5,1,1,9,341,329
P09,68,3,0,0,8,8,0,FALSE,TRUE,10.77619,8,8,5,5,1,1,9,346,334
P09,69,3,0,0,9,7,2,TRUE,TRUE,10.58114,7,9,4,6,1,1,9,350,340
P09,70,3,0,0,8,8,0,FALSE,TRUE,11.62807,8,8,5,5,1,1,9,355,345
P09,71,3,0,0,9,7,2,TRUE,TRUE,10.76365,7,9,4,6,1,1,9,359,351
P09,72,3,0,0,9,9,0,TRUE,TRUE,10.80295,9,7,6,4,1,1,9,365,355
P09,73,3,0,0,8,8,0,FALSE,TRUE,10.53967,8,8,5,5,1,1,9,370,360
P09,74,3,0,0,8,8,0,FALSE,TRUE,11.04342,8,8,5,5,1,1,8,375,365
P09,75,3,0,0,10,10,0,FALSE,TRUE,14.19648,10,6,7,3,1,1,8,382,368
P09,76,3,0,0,8,8,0,FALSE,TRUE,10.5694,8,8,5,5,1,1,9,387,373
P09,77,3,0,0,13,9,4,TRUE,TRUE,15.60756,9,7,6,4,1,1,9,393,377
P09,78,3,0,0,8,8,0,FALSE,TRUE,16.6351,8,8,5,5,1,1,9,398,382
P09,79,3,0,0,8,8,0,FALSE,TRUE,12.5569,8,8,5,5,1,1,9,403,387
