partiNumber,trialNumber,blockNumber,rewardType,handShow,pairClickCount,successCount,failCount,stalemate,gameClear,playTime,P1_realPoints,P2_realPoints,P1_earnedPoints,P2_earnedPoints,FOC,competitiveness,rewardFairness, P1_accScore, P2_accScore
P18,0,0,1,1,12,8,4,False,False,23.0133,4,8,0,0,7,2,6,0,0
P18,1,0,1,1,14,6,8,False,False,23.01297,4,6,0,0,7,3,7,0,0
P18,2,0,1,1,14,8,6,False,True,21.49607,8,8,5,5,8,7,6,5,5
P18,3,0,1,1,12,10,2,False,False,23.00066,4,10,0,0,5,6,6,5,5
P18,4,0,1,1,12,6,6,False,False,23.00013,6,6,0,0,6,3,7,5,5
P18,5,0,1,1,10,6,4,False,False,23.0136,6,6,0,0,7,3,7,5,5
P18,6,0,1,1,8,4,4,False,False,23.01316,8,4,0,0,5,3,6,5,5
P18,7,0,1,1,12,4,8,False,False,23.01304,8,4,0,0,6,1,7,5,5
P18,8,0,1,1,12,8,4,False,True,18.99417,8,8,5,5,8,7,8,10,10
P18,9,0,1,1,12,10,2,False,True,17.4715,6,10,5,5,9,8,8,15,15
P18,10,0,1,1,12,8,4,False,True,23.00001,8,8,5,5,5,3,6,20,20
P18,11,0,1,1,12,6,6,False,True,21.50915,10,6,5,5,7,7,7,25,25
P18,12,0,1,1,14,8,6,False,True,21.17597,8,8,5,5,8,8,8,30,30
P18,13,0,1,1,10,8,2,False,True,15.00904,8,8,5,5,8,8,8,35,35
P18,14,0,1,1,14,8,6,False,True,23.01292,8,8,5,5,8,8,8,40,40
P18,15,0,1,1,12,10,2,False,False,23.01308,2,10,0,0,6,6,6,40,40
P18,16,0,1,1,10,8,2,False,True,15.74634,8,8,5,5,7,7,8,45,45
P18,17,0,1,1,10,6,4,False,True,22.65173,10,6,5,5,8,8,8,50,50
P18,18,0,1,1,14,6,8,False,True,22.87448,10,6,5,5,8,8,8,55,55
P18,19,0,1,1,10,8,2,False,True,14.36888,8,8,5,5,8,8,8,60,60
P18,20,1,1,0,12,4,8,False,False,23.0131,8,4,0,0,7,6,6,60,60
P18,21,1,1,0,10,8,2,False,True,15.45426,8,8,5,5,8,7,7,65,65
P18,22,1,1,0,10,8,2,False,True,17.37511,8,8,5,5,8,8,8,70,70
P18,23,1,1,0,8,8,0,False,True,10.77635,8,8,5,5,8,8,8,75,75
P18,24,1,1,0,12,8,4,False,True,16.14966,8,8,5,5,8,8,8,80,80
P18,25,1,1,0,11,9,2,True,True,14.35355,7,9,5,5,8,8,8,85,85
P18,26,1,1,0,10,8,2,False,True,15.17596,8,8,5,5,8,8,8,90,90
P18,27,1,1,0,12,6,6,False,True,19.3526,10,6,5,5,8,8,8,95,95
P18,28,1,1,0,10,8,2,False,True,14.21514,8,8,5,5,8,8,8,100,100
P18,29,1,1,0,10,8,2,False,True,15.05227,8,8,5,5,8,8,8,105,105
P18,30,1,1,0,8,8,0,False,True,14.24288,8,8,5,5,8,8,8,110,110
P18,31,1,1,0,12,8,4,False,True,15.95498,8,8,5,5,8,8,8,115,115
P18,32,1,1,0,8,8,0,False,True,10.12328,8,8,5,5,8,8,8,120,120
P18,33,1,1,0,8,8,0,False,True,11.79229,8,8,5,5,8,8,8,125,125
P18,34,1,1,0,10,8,2,False,True,13.35229,8,8,5,5,8,8,8,130,130
P18,35,1,1,0,10,6,4,False,True,15.7184,10,6,5,5,8,9,9,135,135
P18,36,1,1,0,13,11,2,True,True,14.08886,7,9,5,5,9,9,9,140,140
P18,37,1,1,0,8,8,0,False,True,11.86266,8,8,5,5,9,9,9,145,145
P18,38,1,1,0,10,8,2,False,True,12.96189,8,8,5,5,9,9,9,150,150
P18,39,1,1,0,8,8,0,False,True,10.27364,8,8,5,5,9,9,9,155,155
P18,40,2,0,1,12,8,4,False,True,16.08079,8,8,5,5,8,8,8,160,160
P18,41,2,0,1,14,6,8,False,True,20.36757,10,6,7,3,6,6,7,167,163
P18,42,2,0,1,12,8,4,False,True,18.5855,8,8,5,5,8,3,8,172,168
P18,43,2,0,1,12,6,6,False,True,17.24997,10,6,7,3,8,8,7,179,171
P18,44,2,0,1,8,8,0,False,True,10.48403,8,8,5,5,8,8,8,184,176
P18,45,2,0,1,10,8,2,False,True,12.83739,8,8,5,5,8,8,8,189,181
P18,46,2,0,1,12,8,4,False,True,20.78637,8,8,5,5,5,5,6,194,186
P18,47,2,0,1,8,8,0,False,True,10.87351,8,8,5,5,9,9,9,199,191
P18,48,2,0,1,9,7,2,True,True,12.02907,9,7,6,4,7,3,7,205,195
P18,49,2,0,1,13,7,6,True,True,20.4792,9,7,6,4,7,7,7,211,199
P18,50,2,0,1,14,6,8,False,True,23.01327,10,6,7,3,5,1,5,218,202
P18,51,2,0,1,14,8,6,False,True,19.38025,8,8,5,5,7,1,5,223,207
P18,52,2,0,1,11,9,2,True,True,14.13031,7,9,4,6,8,4,6,227,213
P18,53,2,0,1,12,6,6,False,True,17.69598,10,6,7,3,5,1,6,234,216
P18,54,2,0,1,9,7,2,True,True,11.0124,9,7,6,4,7,1,6,240,220
P18,55,2,0,1,8,8,0,False,True,10.79059,8,8,5,5,8,8,8,245,225
P18,56,2,0,1,8,6,2,False,True,12.75243,10,6,7,3,6,1,5,252,228
P18,57,2,0,1,8,8,0,False,True,10.93019,8,8,5,5,7,1,7,257,233
P18,58,2,0,1,8,8,0,False,True,10.79003,8,8,5,5,8,1,7,262,238
P18,59,2,0,1,14,12,2,False,True,18.58649,4,12,2,8,7,1,7,264,246
P18,60,3,0,0,10,8,2,False,True,13.43484,8,8,5,5,6,1,7,269,251
P18,61,3,0,0,10,8,2,False,True,12.93265,8,8,5,5,8,8,8,274,256
P18,62,3,0,0,10,8,2,False,True,16.70809,8,8,5,5,6,1,7,279,261
P18,63,3,0,0,10,10,0,False,True,12.75286,6,10,3,7,7,7,7,282,268
P18,64,3,0,0,10,8,2,False,True,12.48939,8,8,5,5,8,8,8,287,273
P18,65,3,0,0,8,8,0,False,True,10.38697,8,8,5,5,8,7,7,292,278
P18,66,3,0,0,8,8,0,False,True,10.66435,8,8,5,5,8,8,8,297,283
P18,67,3,0,0,8,8,0,False,True,11.42973,8,8,5,5,8,8,8,302,288
P18,68,3,0,0,9,7,2,True,True,10.78936,9,7,6,4,8,8,7,308,292
P18,69,3,0,0,10,8,2,False,True,12.72504,8,8,5,5,7,1,9,313,297
P18,70,3,0,0,8,8,0,False,True,11.16542,8,8,5,5,8,8,8,318,302
P18,71,3,0,0,9,9,0,True,True,13.85339,7,9,4,6,8,8,8,322,308
P18,72,3,0,0,9,7,2,True,True,11.10879,9,7,6,4,8,8,8,328,312
P18,73,3,0,0,8,8,0,False,True,10.49739,8,8,5,5,8,8,8,333,317
P18,74,3,0,0,9,9,0,True,True,10.65066,7,9,4,6,8,8,8,337,323
P18,75,3,0,0,10,6,4,False,True,17.11076,10,6,7,3,8,8,4,344,326
P18,76,3,0,0,10,8,2,False,True,12.94783,8,8,5,5,6,7,7,349,331
P18,77,3,0,0,12,10,2,False,True,16.05269,6,10,3,7,7,7,7,352,338
P18,78,3,0,0,14,10,4,False,True,18.34862,6,10,3,7,7,2,7,355,345
P18,79,3,0,0,12,6,6,False,True,16.62386,10,6,7,3,8,2,7,362,348
